CP0=1557.117187 - 26.855699 - 23.884500 - 
CP1=1560.000000 - -45.581298 - 20.845800 - 
CP2=1551.515625 - -137.928497 - 17.427400 - 
CP3=1497.231201 - -198.229598 - 11.638600 - 
CP4=1409.621582 - -213.173004 - 6.283699 - 
CP5=1323.736572 - -195.969894 - 15.832099 - 
CP6=1280.091674 - -165.072998 - 32.905200 - 
CP7=1228.620605 - -119.976097 - 39.044498 - 
CP8=1195.272583 - -85.818199 - 37.471298 - 
CP9=1122.453002 - -60.026599 - 19.893400 - 
CP10=1016.431823 - -72.837997 - 22.066699 - 
CP11=917.108886 - -90.521301 - 19.033899 - 
CP12=862.506896 - -95.965400 - 26.798799 - 
CP13=808.311828 - -115.893096 - 23.133300 - 
CP14=724.439514 - -175.511901 - 20.540199 - 
CP15=661.619323 - -196.799301 - 12.748299 - 
CP16=579.278320 - -201.213897 - 13.668899 - 
CP17=524.913085 - -214.650695 - 15.528400 - 
CP18=484.824493 - -254.198898 - 10.578700 - 
CP19=402.558288 - -309.404998 - 11.101200 - 
CP20=357.091094 - -332.487487 - 12.251799 - 
CP21=319.819885 - -360.065185 - 9.088399 - 
CP22=281.867309 - -378.554687 - 8.638899 - 
CP23=217.614593 - -344.199096 - 3.858799 - 
CP24=208.455703 - -301.543212 - 1.158300 - 
CP25=231.620895 - -260.294586 - 1.156700 - 
CP26=232.740203 - -177.142807 - 1.156800 - 
CP27=231.772796 - -110.883003 - 1.156800 - 
CP28=250.241897 - -72.577598 - 1.156200 - 
CP29=317.251708 - -73.746299 - 1.156700 - 
CP30=352.436798 - -94.318702 - 1.062800 - 
CP31=388.295806 - -85.340400 - 2.498100 - 
CP32=392.304901 - -22.811500 - 3.563600 - 
CP33=448.394287 - 23.394100 - 9.524100 - 
CP34=497.510498 - 49.598999 - 18.275899 - 
CP35=526.653869 - 72.094200 - 20.826499 - 
CP36=537.919128 - 155.728195 - 24.242200 - 
CP37=609.374816 - 205.958297 - 21.627000 - 
CP38=685.590576 - 221.344497 - 26.082199 - 
CP39=788.901794 - 212.482696 - 33.760398 - 
CP40=904.304992 - 203.225799 - 31.344600 - 
CP41=944.668518 - 177.474304 - 31.569700 - 
CP42=997.197570 - 168.058303 - 28.228500 - 
CP43=1057.145874 - 191.736694 - 32.606998 - 
CP44=1106.196411 - 223.562896 - 30.149900 - 
CP45=1163.444702 - 301.451812 - 18.049999 - 
CP46=1222.117797 - 280.415405 - 19.133300 - 
CP47=1306.946289 - 240.375595 - 19.136199 - 
CP48=1403.184326 - 197.942199 - 19.244600 - 
CP49=1492.529907 - 158.502304 - 30.318399 - 
CP50=1533.342041 - 90.582801 - 28.922399 - 
CP51=1552.833374 - 39.039501 - 23.897600 - 